-2.372171203802351906e-03
-1.853095573830685142e-02
2.239826162983891283e-02
-1.949176444065680094e-02
-1.426986728082271869e-03
-3.161776829373257047e-02
-6.370435612623182031e-02
-2.236097452911555220e-02
-1.797371532256017120e-03
-2.491998846701806367e-02
-4.319863685907114403e-05
2.500199868053348817e-02
2.230089664666562790e-02
1.800363471848896463e-03
1.855306317503601851e-02
-2.240016855973762933e-02
6.371782093594406671e-02
1.947102468194342878e-02
1.429759389270816384e-03
3.159427560144712627e-02
2.381646253814458884e-03
-3.342547762876475932e-03
-2.683307314363577931e-03
-3.120739274490908280e-03
-3.827854906731241631e-03
-5.226357032751548053e-03
-5.519551332667493523e-03
-2.916358377802102941e-03
-1.635323978616464424e-06
2.900960318077680684e-03
5.265083070521548066e-03
5.525281569960798986e-03
1.269902603318232015e-03
2.682065998132486789e-03
3.127973196951375386e-03
3.835464965765342932e-03
3.333655447023063136e-03
-1.277655062264332515e-03
-4.060217592768128499e-03
-2.717397572793646583e-03
4.073945003439775198e-03
2.716569544410045098e-03
3.669435751285167295e-03
5.370652596639143538e-03
-3.672964376575257005e-03
-5.376615911201955422e-03
-2.254677592448412881e-03
-9.497096877358821021e-04
-3.374245068847734914e-03
-2.158363018226002687e-03
-7.338441029114015036e-04
2.257812499526087261e-03
9.545004972833904091e-04
3.376922219079179794e-03
2.158770507124301279e-03
7.355589296342923775e-04
-1.149858150104005310e-03
1.149222346459143149e-03
-5.582393974890464960e-03
-7.218472061871657186e-04
-2.378099218090105708e-03
-5.644520659796523933e-03
-2.473659632092038881e-03
-7.840394561350499166e-04
2.372959347236118770e-03
5.581227167896798264e-03
7.211677327150036766e-04
2.465981874949114798e-03
7.772456987939848922e-04
5.642694511922919168e-03
