-3.316878270676423650e-03
-1.348962280962285806e-02
1.733428068113314346e-02
-1.680450809657692973e-02
-3.397476606549956063e-03
-2.636004082362730996e-02
-5.513549927985005733e-02
-2.607447309889841108e-02
-1.510769562831791937e-03
-2.420630389402999433e-02
1.417904547916458771e-02
2.429122194564480378e-02
2.606392374338958526e-02
1.491769197646713660e-03
1.348861137637190344e-02
-1.735723906036478262e-02
5.507432559416258061e-02
1.684618070164900852e-02
3.391054228411913198e-03
2.638165513991444500e-02
3.293671218378105281e-03
-3.063276506792408146e-03
-2.526840799426556018e-03
-3.079149102791614405e-03
-3.599895731432043063e-03
-5.263251137712981684e-03
-5.461652643952362787e-03
3.611971433585858034e-03
5.263765395411237717e-03
5.466682808804975736e-03
1.204576078919467486e-03
2.525880946469254845e-03
3.087967655739670518e-03
3.606310588914983344e-03
3.059411920857426498e-03
-1.179241144156201876e-03
-3.608228104265705661e-03
-2.518671653675915150e-03
3.567877148448847947e-03
2.529318245627558241e-03
3.764521215010496660e-03
4.293577530465482982e-03
-3.762355452450958856e-03
-4.320921190888298360e-03
-1.482554333251378826e-03
-1.201606435152678459e-03
-3.445592492265378559e-03
-1.777268641964484426e-03
-9.498702848789849964e-04
1.480223134597155165e-03
1.202702578639370081e-03
3.444823499033276577e-03
1.772368665888117509e-03
9.481712433618590249e-04
-1.009754247189958900e-03
1.008203729449778409e-03
-3.971728088068628669e-03
-1.011489471460619424e-03
-2.988189612533816673e-03
-4.010406035249079910e-03
-3.104760916371306773e-03
-1.040611968429373249e-03
2.997504888931383157e-03
3.971124181062601899e-03
1.010967615170351927e-03
3.107514157559373123e-03
1.034451711780133348e-03
4.013354109771835945e-03
5.474585851911989540e-05
-1.424796734096202278e-02
1.996227152322046193e-03
5.710290268842901168e-06
-1.995050060886966424e-03
-3.592548191249195829e-03
